1 [0,2,0,0] [0,0] [276,312,564]
2 [3,0,0,0] [0,2] [352,334,140]
3 [-1,0,4,0] [3,2] [446,173,184]
4 [-1,5,38,0] [3,1] [339,173,637]
5 [0,0,6,0] [1,1] [277,306,637]
6 [7,0,0,0] [1,2] [271,312,878]
7 [0,0,8,0] [0,2] [278,302,880]
8 [0,9,0,0] [0,1] [279,303,1010]
9 [16,0,10,0] [1,1] [269,318,1010]
10 [11,0,0,-1] [1,4] [269,318,1011]
11 [17,12,0,-1] [0,4] [273,311,1011]
12 [13,0,0,0] [0,0] [273,311,1008]
13 [-1,14,0,0] [3,0] [338,173,1008]
14 [-1,18,0,0] [3,2] [338,173,996]
15 [0,0,9,0] [1,2] [273,312,996]
16 [0,0,11,0] [0,1] [275,309,1011]
17 [-1,13,0,-1] [3,4] [339,173,1011]
18 [-1,19,0,0] [3,0] [340,173,629]
19 [0,0,20,0] [1,0] [276,313,559]
20 [0,21,0,0] [1,1] [274,312,568]
21 [0,22,0,0] [2,1] [285,714,878]
22 [0,23,0,0] [2,0] [284,716,877]
23 [28,0,24,0] [1,0] [320,893,694]
24 [25,0,0,0] [1,1] [319,893,694]
25 [0,0,26,0] [0,1] [320,893,694]
26 [0,27,0,-1] [0,4] [309,829,781]
27 [0,23,0,-1] [1,4] [306,828,781]
28 [0,29,0,0] [0,0] [319,893,694]
29 [30,0,0,0] [0,2] [308,894,313]
30 [0,0,31,0] [2,2] [279,776,408]
31 [32,-1,0,0] [4,1] [278,686,910]
32 [0,0,33,0] [0,1] [270,316,993]
33 [0,34,0,0] [0,2] [270,315,949]
34 [0,35,0,0] [1,2] [268,319,949]
35 [36,0,0,0] [1,0] [266,328,554]
36 [0,0,37,0] [0,0] [270,323,554]
37 [4,0,0,0] [0,1] [271,315,575]
38 [-1,39,0,0] [3,2] [339,173,644]
39 [0,40,0,0] [1,2] [272,312,848]
40 [0,41,0,0] [1,0] [271,321,555]
41 [0,0,42,0] [2,0] [268,785,5]
42 [43,0,0,0] [2,1] [266,785,5]
43 [0,0,44,0] [0,1] [277,483,65]
44 [45,0,0,0] [0,2] [292,462,75]
45 [0,46,0,0] [2,2] [291,461,75]
46 [47,0,0,0] [2,0] [273,811,5]
47 [0,48,0,0] [0,0] [313,238,5]
48 [0,49,-1,0] [0,3] [313,238,5]
49 [0,0,50,0] [1,3] [301,256,5]
50 [51,0,0,0] [1,1] [300,256,5]
51 [0,47,0,0] [0,1] [313,238,5]
