3082 1849
3017 1850
2953 1853
2888 1857
2824 1862
2760 1868
2695 1875
2631 1883
2568 1893
2504 1903
2440 1915
2377 1927
2314 1941
2251 1956
2189 1972
2126 1989
2064 2007
2003 2026
1941 2046
1880 2067
1820 2089
1759 2112
1700 2137
1640 2162
1581 2188
1523 2215
1465 2244
1407 2273
1350 2303
1294 2335
1238 2367
1182 2400
1128 2434
1073 2469
1020 2505
967 2542
914 2580
863 2618
812 2658
761 2698
755 2703
749 2708
742 2713
735 2718
729 2722
722 2727
715 2731
708 2736
701 2740
694 2744
687 2748
680 2751
673 2755
665 2759
658 2762
651 2765
643 2768
636 2771
628 2774
620 2777
613 2780
605 2782
597 2785
589 2787
582 2789
574 2791
566 2793
558 2794
550 2796
542 2797
534 2798
526 2799
518 2800
510 2801
502 2802
494 2802
485 2803
477 2803
469 2803
461 2803
453 2803
445 2803
437 2802
429 2802
421 2801
413 2800
404 2799
396 2798
388 2797
380 2795
372 2794
365 2792
357 2790
349 2788
341 2786
333 2784
325 2782
318 2779
310 2776
302 2774
295 2771
287 2768
280 2764
272 2761
265 2758
258 2754
250 2750
243 2747
236 2743
229 2739
222 2734
215 2730
209 2726
202 2721
195 2717
189 2712
182 2707
176 2702
169 2697
163 2692
157 2686
151 2681
145 2675
139 2670
134 2664
128 2658
122 2652
117 2646
112 2640
106 2634
101 2628
96 2621
91 2615
87 2608
82 2601
77 2595
73 2588
69 2581
64 2574
60 2567
56 2560
53 2553
49 2546
45 2538
42 2531
39 2524
35 2516
32 2509
29 2501
27 2493
24 2486
21 2478
19 2470
17 2462
15 2455
13 2447
11 2439
9 2431
8 2423
6 2415
5 2407
4 2399
3 2391
2 2383
1 2375
0 2367
0 2359
0 2350
0 2342
0 2334
0 2326
0 2318
0 2310
1 2302
1 2294
2 2286
3 2278
4 2269
6 2261
7 2253
8 2245
10 2238
12 2230
14 2222
16 2214
18 2206
20 2198
23 2191
26 2183
28 2175
31 2168
34 2160
37 2153
41 2145
44 2138
47 2131
51 2123
55 2116
59 2109
63 2102
67 2095
71 2088
76 2081
80 2074
85 2068
89 2061
94 2055
99 2048
104 2042
110 2036
115 2030
120 2023
126 2017
131 2012
137 2006
143 2000
149 1995
155 1989
255 1901
357 1814
460 1729
565 1646
671 1565
779 1485
887 1408
998 1332
1109 1258
1222 1186
1336 1116
1451 1048
1567 982
1685 918
1803 856
1923 796
2043 739
2165 683
2287 629
2410 577
2535 528
2660 481
2785 435
2912 392
2924 389
2937 385
2949 381
2962 378
2974 375
2987 372
3000 369
3013 367
3025 365
3038 363
3051 361
3064 359
3077 358
3090 357
3103 356
3116 355
3129 355
3142 355
3155 355
3168 355
3181 356
3194 356
3207 357
3219 358
3232 360
3245 361
3258 363
3271 365
3284 368
3296 370
3309 373
3322 376
3334 379
3347 382
3359 386
3372 390
3384 394
3396 398
3409 402
3421 407
3433 412
3445 417
3457 422
3468 428
3480 434
3492 439
3503 446
3514 452
3526 458
3537 465
3548 472
3559 479
3569 486
3580 494
3591 501
3601 509
3611 517
3621 525
3631 534
3641 542
3651 551
3660 560
3669 569
3679 578
3688 587
3697 597
3705 607
3714 616
3722 626
3730 636
3738 647
3746 657
3754 667
3761 678
3768 689
3776 700
3782 711
3789 722
3796 733
3802 744
3808 756
3814 767
3820 779
3825 791
3830 803
3836 815
3840 827
3845 839
3850 851
3854 863
3858 876
3862 888
3865 900
3869 913
3872 926
3875 938
3877 951
3880 964
3882 976
3884 989
3886 1002
3888 1015
3889 1028
3890 1041
3891 1054
3892 1067
3893 1080
3893 1093
3893 1106
3893 1119
3892 1132
3892 1145
3891 1158
3890 1171
3888 1183
3887 1196
3885 1209
3883 1222
3881 1235
3878 1248
3876 1260
3873 1273
3870 1286
3866 1298
3863 1311
3859 1323
3855 1335
3851 1348
3847 1360
3842 1372
3837 1384
3832 1396
3827 1408
3822 1420
3816 1432
3810 1443
3804 1455
3798 1466
3791 1477
3785 1488
3778 1499
3771 1510
3764 1521
3756 1532
3749 1542
3741 1553
3733 1563
3725 1573
3717 1583
3708 1593
3700 1603
3691 1612
3682 1622
3673 1631
3663 1640
3654 1649
3644 1658
3635 1666
3625 1675
3615 1683
3604 1691
3594 1699
3584 1707
3573 1714
3562 1721
3552 1729
3541 1735
3529 1742
3518 1749
3507 1755
3496 1761
3484 1767
3472 1773
3461 1779
3449 1784
3437 1789
3425 1794
3413 1799
3401 1803
3388 1808
3376 1812
3364 1816
3351 1819
3339 1823
3326 1826
3314 1829
3301 1832
3288 1835
3275 1837
3263 1839
3250 1841
3237 1843
3224 1844
3211 1845
3198 1846
3185 1847
3172 1848
3159 1848
3180 1848
3213 1849
3246 1851
3280 1853
3313 1855
3346 1859
3380 1862
3413 1867
3446 1872
3479 1877
3512 1883
3544 1890
3577 1897
3609 1905
3642 1913
3674 1922
3706 1932
3738 1942
3770 1952
3801 1964
3833 1975
3864 1987
3894 2000
3925 2014
3956 2027
3986 2042
4016 2057
4045 2072
4075 2088
4104 2104
4133 2121
4161 2139
4189 2157
4217 2175
4245 2194
4272 2214
4299 2233
4325 2254
4352 2275
4377 2296
4403 2318
4428 2340
4453 2362
4477 2385
4501 2409
4524 2432
4547 2457
4570 2481
4592 2506
4614 2532
4635 2557
4656 2584
4676 2610
4696 2637
4715 2664
4734 2692
4753 2720
4771 2748
4788 2776
4805 2805
4822 2834
4838 2863
4847 2881
4857 2898
4867 2914
4877 2931
4887 2947
4898 2964
4909 2980
4921 2996
4932 3011
4944 3027
4956 3042
4969 3057
4981 3072
4994 3087
5008 3101
5021 3115
5035 3129
5049 3143
5063 3156
5077 3169
5092 3182
5107 3195
5122 3207
5137 3219
5152 3231
5168 3243
5184 3254
5200 3265
5216 3276
5233 3287
5250 3297
5266 3307
5283 3316
5301 3326
5318 3335
5335 3343
5353 3352
5371 3360
5389 3368
5407 3375
5425 3382
5443 3389
5461 3396
5480 3402
5499 3408
5517 3413
5536 3418
5555 3423
5574 3428
5593 3432
5612 3436
5631 3440
5651 3443
5670 3446
5689 3448
5709 3450
5728 3452
5748 3454
5767 3455
5787 3456
5806 3456
5826 3457
5845 3456
5865 3456
5884 3455
5904 3454
5923 3452
5942 3451
5962 3448
5981 3446
6001 3443
6020 3440
6039 3436
6058 3432
6077 3428
6096 3424
6115 3419
6134 3414
6153 3408
6171 3402
6190 3396
6208 3389
6226 3383
6245 3376
6263 3368
6281 3360
6298 3352
6316 3344
6333 3335
6351 3326
6368 3317
6385 3307
6402 3297
6418 3287
6435 3277
6451 3266
6467 3255
6483 3244
6499 3232
6514 3220
6530 3208
6545 3196
6560 3183
6574 3170
6589 3157
6603 3144
6617 3130
6631 3116
6644 3102
6657 3087
6670 3073
6683 3058
6695 3043
6707 3028
6719 3012
6731 2997
6742 2981
6753 2965
6764 2948
6775 2932
6785 2915
6795 2899
6805 2882
6814 2864
6823 2847
6832 2830
6840 2812
6848 2794
6856 2777
6864 2758
6871 2740
6878 2722
6884 2704
6891 2685
6896 2667
6902 2648
6907 2629
6912 2610
6917 2591
6921 2572
6925 2553
6929 2534
6932 2515
6935 2495
6937 2476
6940 2457
6942 2437
6943 2418
6944 2398
6945 2379
6946 2359
6946 2340
6946 2320
6946 2301
6945 2281
6944 2262
6942 2242
6940 2223
6938 2203
6936 2184
6933 2165
6930 2145
6926 2126
6922 2107
6918 2088
6914 2069
6909 2050
6904 2031
6898 2013
6892 1994
6886 1975
6880 1957
6873 1939
6866 1920
6859 1902
6851 1885
6843 1867
6834 1849
6826 1832
6817 1814
6808 1797
6798 1780
6788 1763
6778 1746
6768 1730
6757 1714
6724 1666
6690 1618
6656 1571
6621 1525
6585 1479
6548 1434
6510 1390
6472 1346
6433 1303
6393 1260
6352 1219
6311 1178
6269 1137
6226 1098
6183 1059
6139 1021
6094 984
6049 947
6003 911
5956 876
5909 842
5861 809
5813 777
5764 745
5714 714
5664 684
5614 655
5563 627
5512 600
5460 574
5407 548
5354 524
5301 500
5248 477
5194 456
5139 435
5085 415
5029 396
4974 378
4918 361
4862 345
4806 330
4750 316
4693 303
4636 291
4579 279
4522 269
4464 260
4406 252
4349 245
4291 239
4233 234
4175 230
4117 226
4058 224
4000 223
3942 223
3884 224
3825 226
3767 229
3709 233
3651 238
3593 244
3536 251
3478 259
3420 268
3363 277
3306 288
3249 300
3192 313
3135 327
3079 342
3023 358
2967 375
2912 392
3040 352
3168 313
3297 276
3426 242
3556 210
3687 180
3818 153
3950 127
4082 104
4214 83
4347 65
4480 49
4613 35
4747 23
4881 14
5014 7
5148 2
5282 0
5416 0
5550 2
5684 6
5818 13
5952 22
6085 33
6219 47
6352 63
6484 81
6617 102
6749 125
6881 150
7012 177
7142 207
7273 239
7402 273
7531 309
7660 347
7787 388
7914 431
8040 476
8166 523
8290 573
8414 624
8537 678
8659 734
8780 792
8900 851
9018 913
9136 977
9253 1043
9275 1057
9298 1070
9319 1084
9341 1099
9363 1113
9384 1129
9405 1144
9426 1160
9446 1176
9466 1193
9486 1210
9505 1227
9525 1244
9544 1262
9562 1281
9580 1299
9598 1318
9616 1337
9633 1357
9650 1377
9667 1397
9683 1417
9699 1438
9714 1459
9729 1480
9744 1502
9759 1523
9773 1545
9786 1568
9799 1590
9812 1613
9825 1636
9837 1659
9848 1682
9860 1706
9870 1729
9881 1753
9891 1777
9900 1801
9909 1826
9918 1850
9926 1875
9934 1900
9942 1925
9949 1950
9955 1975
9961 2001
9967 2026
9972 2052
9977 2077
9981 2103
9985 2129
9988 2155
9991 2181
9994 2206
9996 2232
9997 2258
9999 2285
9999 2311
9999 2337
9999 2363
9999 2389
9997 2415
9996 2441
9994 2467
9991 2493
9988 2519
9985 2544
9981 2570
9977 2596
9972 2622
9967 2647
9961 2673
9955 2698
9949 2723
9942 2748
9934 2773
9926 2798
9918 2823
9909 2847
9900 2872
9891 2896
9881 2920
9870 2944
9860 2968
9848 2991
9837 3015
9825 3038
9812 3061
9799 3083
9786 3106
9773 3128
9759 3150
9744 3172
9729 3193
9714 3214
9699 3235
9683 3256
9667 3276
9650 3297
9633 3316
9616 3336
9598 3355
9580 3374
9562 3393
9544 3411
9525 3429
9505 3446
9486 3464
9466 3481
9446 3497
9426 3513
9405 3529
9384 3545
9363 3560
9341 3575
9319 3589
9298 3603
9275 3617
9253 3630
9135 3697
9015 3762
8895 3824
8773 3885
8651 3943
8527 4000
8403 4054
8277 4106
8151 4156
8024 4203
7896 4249
7767 4292
7638 4333
7508 4371
7377 4407
7245 4442
7113 4473
6981 4503
6848 4530
6714 4555
6580 4577
6446 4597
6312 4615
6177 4631
6042 4644
5906 4655
5771 4663
5635 4669
5499 4673
5364 4674
5228 4673
5092 4670
4956 4664
4821 4656
4686 4645
4550 4632
4415 4617
4281 4599
4147 4580
4013 4557
3879 4533
3746 4506
3613 4477
3481 4445
3350 4411
3219 4375
3089 4337
2959 4296
2830 4253
2702 4208
2575 4161
2449 4111
2323 4060
2199 4006
2075 3950
1952 3891
1831 3831
1710 3768
1591 3704
1472 3637
1355 3569
1239 3498
1125 3425
1011 3350
899 3274
789 3195
679 3115
571 3032
465 2948
360 2862
257 2774
155 2684
9833 2360
9832 2383
9831 2406
9830 2429
9828 2452
9826 2475
9823 2498
9820 2521
9817 2544
9813 2566
9809 2589
9804 2612
9799 2634
9794 2657
9788 2679
9782 2701
9775 2723
9768 2745
9761 2767
9753 2789
9745 2811
9737 2832
9728 2854
9719 2875
9709 2896
9699 2917
9689 2937
9678 2958
9667 2978
9656 2998
9644 3018
9632 3038
9620 3057
9607 3077
9594 3096
9581 3115
9567 3133
9553 3151
9539 3170
9524 3187
9509 3205
9494 3222
9478 3239
9462 3256
9446 3273
9430 3289
9413 3305
9396 3320
9379 3336
9361 3351
9344 3366
9326 3380
9307 3394
9289 3408
9270 3421
9251 3434
9232 3447
9212 3460
9193 3472
9173 3484
9153 3495
9133 3506
9112 3517
9091 3527
9071 3537
9050 3547
9028 3556
9007 3565
8986 3574
8964 3582
8942 3590
8921 3597
8899 3604
8876 3611
8854 3617
8832 3623
8809 3628
8787 3633
8764 3638
8742 3642
8719 3646
8696 3650
8673 3653
8650 3655
8627 3658
8604 3660
8581 3661
8558 3662
8535 3663
8512 3663
8489 3663
8466 3663
8443 3662
8420 3660
8397 3659
8374 3657
8351 3654
8328 3651
8305 3648
8282 3644
8259 3640
8237 3636
8214 3631
8192 3625
8169 3620
8147 3614
8125 3607
8103 3600
8081 3593
8059 3586
8037 3578
8016 3569
7994 3561
7973 3552
7952 3542
7931 3532
7911 3522
7890 3512
7870 3501
7850 3489
7830 3478
7810 3466
7790 3454
7771 3441
7752 3428
7733 3415
7714 3401
7696 3387
7678 3373
7660 3358
7642 3343
7625 3328
7608 3313
7591 3297
7574 3281
7558 3264
7542 3248
7526 3231
7511 3214
7496 3196
7481 3179
7466 3161
7452 3142
7438 3124
7425 3105
7412 3086
7399 3067
7386 3048
7374 3028
7362 3008
7351 2988
7339 2968
7329 2948
7318 2927
7308 2906
7298 2885
7289 2864
7280 2843
7271 2822
7263 2800
7255 2778
7248 2756
7241 2735
7234 2712
7227 2690
7222 2668
7216 2645
7211 2623
7206 2600
7202 2578
7198 2555
7194 2532
7191 2509
7188 2486
7186 2463
7184 2440
7182 2417
7181 2394
7180 2371
7180 2348
7180 2325
7180 2302
7181 2279
7182 2256
7184 2233
7186 2210
7188 2187
7191 2164
7194 2141
7198 2118
7202 2096
7206 2073
7211 2050
7216 2028
7222 2005
7227 1983
7234 1961
7241 1939
7248 1917
7255 1895
7263 1873
7271 1852
7280 1830
7289 1809
7298 1788
7308 1767
7318 1746
7329 1726
7339 1705
7351 1685
7362 1665
7374 1645
7386 1626
7399 1606
7412 1587
7425 1568
7438 1549
7452 1531
7466 1513
7481 1495
7496 1477
7511 1460
7526 1442
7542 1425
7558 1409
7574 1392
7591 1376
7608 1361
7625 1345
7642 1330
7660 1315
7678 1300
7696 1286
7714 1272
7733 1259
7752 1245
7771 1232
7790 1220
7810 1207
7830 1195
7850 1184
7870 1173
7890 1162
7911 1151
7931 1141
7952 1131
7973 1122
7994 1113
8016 1104
8037 1096
8059 1088
8081 1080
8103 1073
8125 1066
8147 1060
8169 1053
8192 1048
8214 1043
8237 1038
8259 1033
8282 1029
8305 1025
8328 1022
8351 1019
8374 1017
8397 1015
8420 1013
8443 1011
8466 1011
8489 1010
8512 1010
8535 1010
8558 1011
8581 1012
8604 1014
8627 1016
8650 1018
8673 1021
8696 1024
8719 1027
8742 1031
8764 1035
8787 1040
8809 1045
8832 1051
8854 1056
8876 1063
8899 1069
8921 1076
8942 1084
8964 1092
8986 1100
9007 1108
9028 1117
9050 1126
9071 1136
9091 1146
9112 1156
9133 1167
9153 1178
9173 1190
9193 1201
9212 1214
9232 1226
9251 1239
9270 1252
9289 1265
9307 1279
9326 1293
9344 1308
9361 1322
9379 1337
9396 1353
9413 1368
9430 1384
9446 1401
9462 1417
9478 1434
9494 1451
9509 1468
9524 1486
9539 1504
9553 1522
9567 1540
9581 1559
9594 1578
9607 1597
9620 1616
9632 1635
9644 1655
9656 1675
9667 1695
9678 1715
9689 1736
9699 1757
9709 1777
9719 1798
9728 1820
9737 1841
9745 1862
9753 1884
9761 1906
9768 1928
9775 1950
9782 1972
9788 1994
9794 2017
9799 2039
9804 2062
9809 2084
9813 2107
9817 2130
9820 2153
9823 2175
9826 2198
9828 2221
9830 2244
9831 2267
9832 2290
9833 2314
9833 2337
6532 1401
6531 1401
6530 1400
6530 1400
6529 1400
6528 1400
6527 1399
6526 1399
6525 1399
6525 1398
6524 1398
6523 1398
6522 1397
6522 1397
6521 1396
6520 1396
6519 1396
6519 1395
6518 1395
6517 1394
6516 1394
6516 1393
6515 1393
6514 1392
6514 1392
6513 1391
6512 1391
6512 1390
6511 1390
6510 1389
6510 1389
6509 1388
6509 1387
6508 1387
6507 1386
6507 1386
6506 1385
3893 1114
3892 1127
3892 1140
3891 1153
3890 1166
3889 1179
3887 1192
3886 1205
3884 1218
3882 1231
3879 1244
3877 1256
3874 1269
3871 1282
3868 1294
3864 1307
3860 1319
3856 1332
3852 1344
3848 1356
3844 1368
3839 1380
3834 1392
3829 1404
3823 1416
3818 1428
3812 1440
3806 1451
3800 1463
3793 1474
3787 1485
3780 1496
3773 1507
3766 1518
3759 1529
3751 1539
3743 1550
3735 1560
3727 1570
3719 1580
3711 1590
3702 1600
3693 1610
3684 1619
3675 1628
3666 1637
3657 1646
3647 1655
3637 1664
3627 1672
3617 1681
3607 1689
3597 1697
3587 1704
3576 1712
3565 1719
3555 1727
3544 1734
3533 1740
3521 1747
3510 1753
3499 1760
3487 1766
3476 1772
3464 1777
3452 1783
3440 1788
3428 1793
3416 1798
3404 1802
3392 1807
3379 1811
3367 1815
3355 1818
3342 1822
3329 1825
3317 1828
3304 1831
3291 1834
3279 1836
3266 1838
3253 1840
3240 1842
3227 1844
3214 1845
3201 1846
3188 1847
3175 1848
3162 1848
3149 1848
3136 1848
3123 1848
3110 1847
3097 1847
3085 1846
3072 1844
3059 1843
3046 1841
3033 1839
3020 1837
3007 1835
2995 1833
2982 1830
2969 1827
2957 1824
2944 1820
2932 1817
2919 1813
2907 1809
2895 1804
2882 1800
2870 1795
2858 1790
2846 1785
2834 1780
2823 1774
2811 1769
2799 1763
2788 1757
2777 1750
2765 1744
2754 1737
2743 1730
2732 1723
2722 1716
2711 1708
2700 1701
2690 1693
2680 1685
2670 1676
2660 1668
2650 1660
2640 1651
2631 1642
2622 1633
2612 1624
2603 1614
2595 1605
2586 1595
2577 1585
2569 1575
2561 1565
2553 1555
2545 1545
2538 1534
2530 1523
2523 1513
2516 1502
2509 1491
2502 1479
2496 1468
2489 1457
2483 1445
2478 1434
2472 1422
2466 1410
2461 1398
2456 1386
2451 1374
2447 1362
2442 1350
2438 1338
2434 1325
2430 1313
2427 1300
2423 1288
2420 1275
2417 1263
2414 1250
2412 1237
2410 1224
2408 1212
2406 1199
2404 1186
2403 1173
2402 1160
2401 1147
2400 1134
2400 1121
2400 1108
2400 1095
2400 1082
2400 1069
2401 1056
2402 1043
2403 1030
2404 1017
2406 1004
2408 991
2410 979
2412 966
2414 953
2417 940
2420 928
2423 915
2427 902
2430 890
2434 878
2438 865
2442 853
2447 841
2451 829
2456 816
2461 805
2466 793
2472 781
2478 769
2483 758
2489 746
2496 735
2502 723
2509 712
2516 701
2523 690
2530 680
2538 669
2545 658
2553 648
2561 638
2569 628
2577 618
2586 608
2595 598
2603 589
2612 579
2622 570
2631 561
2640 552
2650 543
2660 535
2670 526
2680 518
2690 510
2700 502
2711 495
2722 487
2732 480
2743 473
2754 466
2765 459
2777 453
2788 446
2799 440
2811 434
2823 429
2834 423
2846 418
2858 413
2870 408
2882 403
2895 398
2907 394
2919 390
2932 386
2944 383
2957 379
2969 376
2982 373
2995 370
3007 368
3020 366
3033 363
3046 362
3059 360
3072 359
3085 357
3097 356
3110 356
3123 355
3136 355
3149 355
3162 355
3175 355
3188 356
3201 357
3214 358
3227 359
3240 361
3253 362
3266 364
3279 367
3291 369
3304 372
3317 375
3329 378
3342 381
3355 384
3367 388
3379 392
3392 396
3404 401
3416 405
3428 410
3440 415
3452 420
3464 426
3476 431
3487 437
3499 443
3510 449
3521 456
3533 463
3544 469
3555 476
3565 484
3576 491
3587 499
3597 506
3607 514
3617 522
3627 531
3637 539
3647 548
3657 557
3666 566
3675 575
3684 584
3693 593
3702 603
3711 613
3719 623
3727 633
3735 643
3743 653
3751 664
3759 674
3766 685
3773 696
3780 707
3787 718
3793 729
3800 740
3806 752
3812 763
3818 775
3823 787
3829 799
3834 810
3839 822
3844 835
3848 847
3852 859
3856 871
3860 884
3864 896
3868 909
3871 921
3874 934
3877 947
3879 959
3882 972
3884 985
3886 998
3887 1011
3889 1024
3890 1037
3891 1050
3892 1062
3892 1075
3893 1088
3893 1101
