2912 392
2967 375
3023 358
3079 342
3135 327
3192 313
3249 300
3306 288
3363 277
3420 268
3478 259
3536 251
3593 244
3651 238
3709 233
3767 229
3825 226
3884 224
3942 223
4000 223
4058 224
4117 226
4175 230
4233 234
4291 239
4349 245
4406 252
4464 260
4522 269
4579 279
4636 291
4693 303
4750 316
4806 330
4862 345
4918 361
4974 378
5029 396
5085 415
5139 435
5194 456
5248 477
5301 500
5354 524
5407 548
5460 574
5512 600
5563 627
5614 655
5664 684
5714 714
5764 745
5813 777
5861 809
5909 842
5956 876
6003 911
6049 947
6094 984
6139 1021
6183 1059
6226 1098
6269 1137
6311 1178
6352 1219
6393 1260
6433 1303
6472 1346
6510 1390
6548 1434
6585 1479
6621 1525
6656 1571
6690 1618
6724 1666
6757 1714
6768 1730
6778 1746
6788 1763
6798 1780
6808 1797
6817 1814
6826 1832
6834 1849
6843 1867
6851 1885
6859 1902
6866 1920
6873 1939
6880 1957
6886 1975
6892 1994
6898 2013
6904 2031
6909 2050
6914 2069
6918 2088
6922 2107
6926 2126
6930 2145
6933 2165
6936 2184
6938 2203
6940 2223
6942 2242
6944 2262
6945 2281
6946 2301
6946 2320
6946 2340
6946 2359
6945 2379
6944 2398
6943 2418
6942 2437
6940 2457
6937 2476
6935 2495
6932 2515
6929 2534
6925 2553
6921 2572
6917 2591
6912 2610
6907 2629
6902 2648
6896 2667
6891 2685
6884 2704
6878 2722
6871 2740
6864 2758
6856 2777
6848 2794
6840 2812
6832 2830
6823 2847
6814 2864
6805 2882
6795 2899
6785 2915
6775 2932
6764 2948
6753 2965
6742 2981
6731 2997
6719 3012
6707 3028
6695 3043
6683 3058
6670 3073
6657 3087
6644 3102
6631 3116
6617 3130
6603 3144
6589 3157
6574 3170
6560 3183
6545 3196
6530 3208
6514 3220
6499 3232
6483 3244
6467 3255
6451 3266
6435 3277
6418 3287
6402 3297
6385 3307
6368 3317
6351 3326
6333 3335
6316 3344
6298 3352
6281 3360
6263 3368
6245 3376
6226 3383
6208 3389
6190 3396
6171 3402
6153 3408
6134 3414
6115 3419
6096 3424
6077 3428
6058 3432
6039 3436
6020 3440
6001 3443
5981 3446
5962 3448
5942 3451
5923 3452
5904 3454
5884 3455
5865 3456
5845 3456
5826 3457
5806 3456
5787 3456
5767 3455
5748 3454
5728 3452
5709 3450
5689 3448
5670 3446
5651 3443
5631 3440
5612 3436
5593 3432
5574 3428
5555 3423
5536 3418
5517 3413
5499 3408
5480 3402
5461 3396
5443 3389
5425 3382
5407 3375
5389 3368
5371 3360
5353 3352
5335 3343
5318 3335
5301 3326
5283 3316
5266 3307
5250 3297
5233 3287
5216 3276
5200 3265
5184 3254
5168 3243
5152 3231
5137 3219
5122 3207
5107 3195
5092 3182
5077 3169
5063 3156
5049 3143
5035 3129
5021 3115
5008 3101
4994 3087
4981 3072
4969 3057
4956 3042
4944 3027
4932 3011
4921 2996
4909 2980
4898 2964
4887 2947
4877 2931
4867 2914
4857 2898
4847 2881
4838 2863
4822 2834
4805 2805
4788 2776
4771 2748
4753 2720
4734 2692
4715 2664
4696 2637
4676 2610
4656 2584
4635 2557
4614 2532
4592 2506
4570 2481
4547 2457
4524 2432
4501 2409
4477 2385
4453 2362
4428 2340
4403 2318
4377 2296
4352 2275
4325 2254
4299 2233
4272 2214
4245 2194
4217 2175
4189 2157
4161 2139
4133 2121
4104 2104
4075 2088
4045 2072
4016 2057
3986 2042
3956 2027
3925 2014
3894 2000
3864 1987
3833 1975
3801 1964
3770 1952
3738 1942
3706 1932
3674 1922
3642 1913
3609 1905
3577 1897
3544 1890
3512 1883
3479 1877
3446 1872
3413 1867
3380 1862
3346 1859
3313 1855
3280 1853
3246 1851
3213 1849
3180 1848
3149 1848
3136 1848
3123 1848
3110 1847
3097 1847
3085 1846
3072 1844
3059 1843
3046 1841
3033 1839
3020 1837
3007 1835
2995 1833
2982 1830
2969 1827
2957 1824
2944 1820
2932 1817
2919 1813
2907 1809
2895 1804
2882 1800
2870 1795
2858 1790
2846 1785
2834 1780
2823 1774
2811 1769
2799 1763
2788 1757
2777 1750
2765 1744
2754 1737
2743 1730
2732 1723
2722 1716
2711 1708
2700 1701
2690 1693
2680 1685
2670 1676
2660 1668
2650 1660
2640 1651
2631 1642
2622 1633
2612 1624
2603 1614
2595 1605
2586 1595
2577 1585
2569 1575
2561 1565
2553 1555
2545 1545
2538 1534
2530 1523
2523 1513
2516 1502
2509 1491
2502 1479
2496 1468
2489 1457
2483 1445
2478 1434
2472 1422
2466 1410
2461 1398
2456 1386
2451 1374
2447 1362
2442 1350
2438 1338
2434 1325
2430 1313
2427 1300
2423 1288
2420 1275
2417 1263
2414 1250
2412 1237
2410 1224
2408 1212
2406 1199
2404 1186
2403 1173
2402 1160
2401 1147
2400 1134
2400 1121
2400 1108
2400 1095
2400 1082
2400 1069
2401 1056
2402 1043
2403 1030
2404 1017
2406 1004
2408 991
2410 979
2412 966
2414 953
2417 940
2420 928
2423 915
2427 902
2430 890
2434 878
2438 865
2442 853
2447 841
2451 829
2456 816
2461 805
2466 793
2472 781
2478 769
2483 758
2489 746
2496 735
2502 723
2509 712
2516 701
2523 690
2530 680
2538 669
2545 658
2553 648
2561 638
2569 628
2577 618
2586 608
2595 598
2603 589
2612 579
2622 570
2631 561
2640 552
2650 543
2660 535
2670 526
2680 518
2690 510
2700 502
2711 495
2722 487
2732 480
2743 473
2754 466
2765 459
2777 453
2788 446
