0.004710 0.080588 
0.004020 0.079928 
0.003360 0.079208 
0.002730 0.078458 
0.002190 0.077648 
0.001680 0.076808 
0.001260 0.075938 
0.000870 0.075038 
0.000570 0.074107 
0.000330 0.073177 
0.000150 0.072217 
0.000030 0.071257 
0.000000 0.070267 
0.000000 0.069307 
0.000090 0.068347 
0.000240 0.067357 
0.000480 0.066427 
0.000780 0.065497 
0.001110 0.064596 
0.001530 0.063696 
0.002010 0.062856 
0.002550 0.062046 
0.003120 0.061266 
0.003780 0.060516 
0.004470 0.059856 
0.013801 0.051875 
0.026613 0.042244 
0.040084 0.033483 
0.054095 0.025683 
0.068617 0.018872 
0.083558 0.013051 
0.087369 0.011761 
0.102790 0.007261 
0.118512 0.003810 
0.134413 0.001470 
0.150435 0.000210 
0.166517 0.000060 
0.182568 0.000990 
0.198530 0.003060 
0.214281 0.006211 
0.229823 0.010411 
0.245005 0.015692 
0.259796 0.022022 
0.274107 0.029313 
0.279598 0.032523 
0.282178 0.034323 
0.284608 0.036304 
0.286889 0.038434 
0.289019 0.040714 
0.290999 0.043144 
0.292799 0.045695 
0.294389 0.048395 
0.295830 0.051185 
0.297030 0.054035 
0.298050 0.057006 
0.298860 0.060036 
0.299460 0.063096 
0.299850 0.066187 
0.300000 0.069337 
0.299940 0.072457 
0.299670 0.075578 
0.299190 0.078668 
0.298500 0.081698 
0.297570 0.084698 
0.296460 0.087609 
0.295140 0.090459 
0.293609 0.093189 
0.291899 0.095800 
0.290039 0.098290 
0.287969 0.100660 
0.285779 0.102880 
0.283408 0.104920 
0.280918 0.106811 
0.278278 0.108521 
0.266877 0.114731 
0.252115 0.121632 
0.236904 0.127483 
0.221332 0.132223 
0.205461 0.135914 
0.189379 0.138464 
0.173147 0.139904 
0.156856 0.140204 
0.140594 0.139364 
0.124422 0.137414 
0.108401 0.134323 
0.092679 0.130123 
0.077258 0.124842 
0.062256 0.118512 
0.047735 0.111131 
0.033753 0.102760 
0.020372 0.093459 
0.007711 0.083228 
